alpha: 1.0
proof length: 4
Best c is 1.4140625
[1,0,0]
proof length: 6
Best c is 1.5205078125
[1,1,0,0,0],[1,0,1,0,0]
proof length: 8
Best c is 1.599609375
[1,1,0,0,1,0,0]
proof length: 10
Best c is 1.6328125
[1,1,0,0,1,0,1,0,0],[1,1,0,1,0,0,1,0,0],[1,1,1,0,0,0,1,0,0]
proof length: 12
Best c is 1.6630859375
[1,1,1,0,0,1,0,0,1,0,0]
proof length: 14
Best c is 1.6865234375
[1,1,1,0,0,1,0,0,1,0,1,0,0]
proof length: 16
Best c is 1.69921875
[1,1,1,0,0,1,0,1,0,0,1,0,1,0,0],[1,1,1,0,1,0,0,1,0,0,1,0,1,0,0],[1,1,1,1,0,0,0,1,0,0,1,0,1,0,0]

alpha: 0.6666666666666666
proof length: 4
Best c is 1.935546875
[1,0,0]
proof length: 6
Best c is 2.056640625
[1,1,0,0,0],[1,0,1,0,0]
proof length: 8
Best c is 2.138671875
[1,1,0,0,1,0,0]
proof length: 10
Best c is 2.17578125
[1,1,0,0,1,0,1,0,0],[1,1,0,1,0,0,1,0,0],[1,1,1,0,0,0,1,0,0]
proof length: 12
Best c is 2.20703125
[1,1,1,0,0,1,0,0,1,0,0]
proof length: 14
Best c is 2.232421875
[1,1,1,0,0,1,0,0,1,0,1,0,0]
proof length: 16
Best c is 2.24609375
[1,1,1,0,0,1,0,0,1,0,1,0,1,0,0],[1,1,1,0,0,1,0,1,0,0,1,0,1,0,0],[1,1,1,0,1,0,0,1,0,0,1,0,1,0,0],[1,1,1,1,0,0,0,1,0,0,1,0,1,0,0]

alpha: 0.3333333333333333
proof length: 4
Best c is 3.462890625
[1,0,0]
proof length: 6
Best c is 3.603515625
[1,1,0,0,0],[1,0,1,0,0]
proof length: 8
Best c is 3.685546875
[1,1,0,0,1,0,0]
proof length: 10
Best c is 3.728515625
[1,1,0,0,1,0,1,0,0],[1,1,0,1,0,0,1,0,0],[1,1,1,0,0,0,1,0,0]
proof length: 12
Best c is 3.76171875
[1,1,0,1,0,0,1,0,1,0,0],[1,1,1,0,0,0,1,0,1,0,0],[1,1,1,0,0,1,0,0,1,0,0]
proof length: 14
Best c is 3.787109375
[1,1,1,0,0,1,0,0,1,0,1,0,0]
proof length: 16
Best c is 3.8046875
[1,1,1,0,0,1,0,1,0,0,1,0,1,0,0],[1,1,1,0,1,0,0,1,0,0,1,0,1,0,0],[1,1,1,1,0,0,0,1,0,0,1,0,1,0,0]

